Vmax_Total=-105445.22951452949
Vmax_Dihedral=629.1916615339499
Vmin_Total=-127595.09050015651
Vmin_Dihedral=404.56829187479934
Vavg_Total=-109005.44143882219
Vavg_Dihedral=551.0663746065471
sigmaV_Total=84.34670567272367
sigmaV_Dihedral=14.406242502919246
threshold_energy_Total=-101128.10793866435
threshold_energy_Dihedral=629.1916615339499
k0_Total=0.836886522071984
k0_Dihedral=1.0
