Vmax_Total=-58944.25692500698
Vmax_Dihedral=1221.123933466588
Vmin_Total=-126830.74229868664
Vmin_Dihedral=402.88533274155
Vavg_Total=-108564.92109436216
Vavg_Dihedral=687.483227405306
sigmaV_Total=262.09122785980395
sigmaV_Dihedral=28.179763207644054
threshold_energy_Total=-58944.25692500698
threshold_energy_Dihedral=3010.336147253919
k0_Total=0.13104220516428625
k0_Dihedral=0.3138078755583585
