Vmax_Total=-78552.16489732197
Vmax_Dihedral=1281.3132277443583
Vmin_Total=-127043.51344910229
Vmin_Dihedral=391.712855244833
Vavg_Total=-107229.669036411
Vavg_Dihedral=825.0727637978605
sigmaV_Total=208.25983313162857
sigmaV_Dihedral=75.97905227160082
threshold_energy_Total=-78552.16489732197
threshold_energy_Dihedral=1281.3132277443583
k0_Total=0.20382634702745286
k0_Dihedral=0.6442437441282148
